3,2
3,1
3,3
10,2
10,3
9,2
9,1
9,3
8,2
8,1
8,3
12,2
12,1
12,3
20,2
20,1
20,3
19,2
19,1
19,3
11,12
11,11
11,10
11,9
11,8
11,7
11,3
11,2
11,1
11,0
10,223
10,222
10,221
10,220
10,219
10,218
10,217
10,216
10,215
10,214
10,213
10,212
10,211
10,210
10,191
10,190
10,189
10,188
10,187
10,186
10,185
10,184
10,183
10,182
10,181
10,180
10,179
10,178
10,177
10,176
10,175
10,174
10,173
10,172
10,171
10,170
10,169
10,168
10,167
10,166
10,165
10,164
10,163
10,162
10,161
10,160
10,159
10,158
10,157
10,156
10,155
10,154
10,153
10,152
10,151
10,150
10,149
10,148
10,147
10,146
10,145
